42639337
42639336
42639335
42639334
42639333
42639332
42639331
42639330
42639329
42639328
42639327
42639326
42639325
42639324
42639323
42639322
42638232
42638231
42638230
42638229
42638228
42638227
42638226
42638225
42638224
42638223
42638222
42638221
42638220
42638219
42638218
42636908
42636907
42636906
42636905
42636904
42636903
42636902
42636901
42636900
42636899
42636898
42636897
42636896
42636895
42636894
42636893
42636892
42636891
42636890
42636889
42636888
42636887
42636886
42636885
42636884
42636883
42636882
42636881
42636880
42636879
42636878
42636877
42636876
42636875
42636874
42636873
42636872
42636871
42636870
42636869
42636868
42636867
42636866
42636865
42636864
42636863
42636862
42636861
42636860
42636859
42636858
42636857
42636856
42636855
42636854
42636853
42636852
42636851
42636850
42636849
42636848
42636847
42636846
42636845
42633094
42633093
42633092
42633091
42632650
42632649
42632648
42632647
42632646
42632645
42632644
42632643
42631152
42631151
42631150
42631149
42631148
42631147
42631146
42631145
42631144
42631143
42631142
42631141
42631140
42631139
42631138
42631137
42631136
42631135
42631134
42631133
42631132
42631131
42631130
42631129
42631128
42631127
42631126
42631125
42631124
42630833
42628566
42628565
42628564
42628563
42628562
42628561
42628560
42628559
42628558
42628557
42628556
42628555
42617207
42617184
42617135
42617134
42617131
42616743
42616742
42616555
42616554
42616553
42616552
42616543
42616542
42616541
42616540
42615512
42614256
42614255
42614254
42614253
42614252
42614251
42614250
42614249
42614248
42614247
42614246
42614245
42614244
42614243
42614242
42614241
42614240
42614239
42614238
42614237
42614236
42614235
42614234
42614233
42614232
42614231
42614230
42614229
42614228
42614227
42614226
42614225
42614224
42614223
42614222
42614221
42614220
42614219
42614218
42614217
42614216
42614215
42614214
42614213
42614212
42614211
42614210
42614209
42614208
42614207
42614206
42614205
42614204
42614203
42614202
42614201
42614200
42614199
42614198
42614197
42614196
42614195
42614194
42614193
42614192
42614191
42614190
42614189
42614188
42614187
42614186
42614185
42614184
42614183
42614182
42614181
42614180
42614179
42614178
42614177
42614176
42614175
42614174
42614173
42614172
42614171
42614170
42614169
42614168
42614167
42614166
42614165
42614164
42614163
42614162
42614161
42614160
42614159
42614158
42614157
42614156
42614155
42614154
42614153
42614152
42614151
42614150
42614149
42614148
42614147
42614146
42614145
42614144
42614143
42614142
42614141
42614140
42614139
42614138
42614137
42614136
42614135
42614134
42614133
42614132
42614131
42614130
42614129
42614128
42614127
42614126
42614125
42614124
42614123
42614122
42614121
42614120
42614119
42614118
42614117
42614116
42614115
42614114
42614113
42614112
42614111
42614110
42614109
42614108
42614107
42614106
42614105
42614104
42614103
42614102
42614101
42614100
42614099
42614098
42614097
42614096
42614095
42614094
42614093
42614092
42614091
42614090
42614089
42609487
42609486
42609485
42609484
42609483
42609482
42609481
42609480
42609479
42609478
42609477
42609476
42609475
42609474
42609473
42609472
42609471
42609470
42609469
42609468
42609467
42609466
42609465
42609464
42609463
42609462
42609461
42609460
42609459
42609458
42609457
42609456
42609455
42609454
42609453
42609452
42609213
42609212
42609211
42609210
42609209
42609208
42609207
42609206
42609205
42609204
42609203
42609202
42609201
42609200
42609199
42609198
42609197
42609196
42609195
42609194
42609193
42609192
42609191
42609190
42609189
42606243
42606224
42606163
42606039
42605991
42605985
42605978
42605923
42605712
42605707
42605703
42605696
42605579
42605533
42605529
42605524
42605476
42605433
42605421
42605417
42605415
42605405
42605326
42605255
42605234
42605233
42605227
42605211
42605208
42605207
42605205
42605198
42605178
42605176
42605090
42605053
42605009
42604968
42604928
42604884
42604881
42604866
42604841
42604832
42604769
42604764
42604758
42604754
42604698
42604675
42604672
42604654
42604645
42604631
42604604
42604594
42604575
42604538
42604500
42604499
42604486
42604481
42604445
42604431
42604425
42604401
42604386
42604374
42604343
42604309
42604291
42604282
42604281
42604265
42604235
42604190
42604179
42604173
42604167
42604150
42604078
42604061
42604050
42603964
42603956
42603952
42603948
42603946
42603932
42603919
42603906
42603897
42603884
42603872
42603867
42603860
42603858
42603844
42603797
42603791
42603731
42603723
42603722
42603717
42603690
42603688
42603683
42603665
42603657
42603635
42603629
42603627
42603620
42603619
42603616
42603610
42603598
42603588
42603585
42603579
42603578
42603577
42603565
42603555
42603554
42603517
42603481
42603446
42603443
42603432
42603424
42603401
42603394
42603388
42603386
42603383
42603382
42603356
42603352
42603350
42603338
42603334
42603331
42603330
42603323
42603317
42603298
42603297
42603295
42603290
42603289
42603283
42603280
42603272
42603270
42603259
42603255
42603250
42603243
42603235
42603234
42603233
42603231
42603216
42603176
42603173
42603162
42603161
42603159
42603148
42603144
42603140
42603131
42603128
42603126
42603122
42603082
42603078
42603072
42603059
42603046
42603027
42603023
42603013
42603001
42602962
42602961
42602954
42602919
42602911
42602892
42602885
42602851
42602846
42602841
42602840
42602839
42602831
42602830
42602810
42602809
42602806
42602798
42602792
42602789
42602763
42602749
42602726
42602722
42602719
42602716
42602698
42602697
42602656
42602653
42602649
42602643
42602641
42602631
42602625
42602609
42607168
42607167
42607166
42607165
42606368
42606363
42606356
42606334
42606323
42606322
42606314
42606309
42606300
42606299
42606291
42606289
42606285
42606282
42606274
42606273
42606270
42606260
42606258
42606257
42606256
42606253
42606249
42606246
42606238
42606237
42606236
42606235
42606231
42606229
42606228
42606227
42606226
42606225
42606216
42606213
42606210
42606205
42606203
42606199
42606196
42606183
42606181
42606168
42606093
42606083
42606072
42606071
42606053
42606051
42606046
42606042
42606024
42606022
42606011
42605999
42605997
42605995
42605984
42605982
42605981
42605980
42605979
42605959
42605957
42605951
42605950
42605948
42605942
42605932
42605924
42605922
42605921
42605914
42605900
42605891
42605888
42605884
42605881
42605876
42605875
42605872
42605870
42605864
42605861
42605844
42605843
42605839
42605823
42605822
42605818
42605817
42605801
42605796
42605793
42605779
42605770
42605769
42605765
42605761
42605760
42605756
42605745
42605727
42605724
42605722
42605713
42605709
42605708
42605701
42605695
42605677
42605672
42605670
42605666
42605656
42605652
42605651
42605636
42605629
42605624
42605613
42605604
42605601
42605600
42605595
42605589
42605583
42605580
42605577
42605566
42605547
42605531
42605525
42605509
42605500
42605495
42605493
42605489
42605487
42605486
42605478
42605470
42605465
42605459
42605458
42605457
42605452
42605449
42605447
42605440
42605431
42605423
42605416
42605413
42605412
42605411
42605409
42605404
42605396
42605393
42605388
42605382
42605380
42605378
42605374
42605370
42605356
42605355
42605335
42605334
42605304
42605301
42605296
42605293
42605287
42605285
42605280
42605275
42605264
42605257
42605247
42605246
42605244
42605230
42605225
42605223
42605222
42605221
42605216
42605199
42605196
42605192
42605184
42605179
42605175
42605170
42605160
42605129
42605128
42605126
42605115
42605114
42605113
42605111
42605086
42605080
42605072
42605071
42605070
42605064
42605062
42605061
42605060
42605059
42605057
42605056
42605050
42605008
42605006
42605004
42604993
42604982
42604978
42604973
42604956
42604953
42604946
42604943
42604936
42604935
42604931
42604920
42604902
42604900
42604895
42604893
42604886
42604863
42604844
42604819
42604815
42604811
42604807
42604805
42604803
42604799
42604789
42604785
42604784
42604782
42604767
42604760
42604759
42604755
42604750
42604749
42604746
42604744
42604738
42604732
42604729
42604718
42604715
42604712
42604711
42604700
42604695
42604662
42604660
42604659
42604656
42604651
42604647
42604641
42604632
42604617
42604616
42604611
42604603
42604587
42604586
42604582
42604580
42604579
42604578
42604576
42604574
42604567
42604565
42604553
42604544
42604534
42604523
42604521
42604519
42604496
42604492
42604489
42604485
42604480
42604467
42604465
42604462
42604459
42604456
42604449
42604437
42604436
42604429
42604422
42604420
42604418
42604415
42604411
42604410
42604394
42604389
42604388
42604385
42604373
42604369
42604365
42604363
42604354
42604351
42604349
42604340
42604327
42604311
42604310
42604302
42604293
42604285
42604279
42604273
42604264
42604251
42604250
42604249
42604245
42604243
42604237
42604233
42604231
42604219
42604216
42604215
42604213
42604210
42604205
42604196
42604191
42604187
42604184
42604174
42604158
42604155
42604149
42604142
42604136
42604135
42604124
42604117
42604116
42604113
42604096
42604092
42604090
42604079
42604077
42604071
42604056
42604044
42604032
42604030
42604002
42603999
42603991
42603986
42603984
42603971
42603962
42603957
42603941
42603940
42603937
42603935
42603927
42603923
42603922
42603920
42603917
42603915
42603912
42603901
42603900
42603896
42603895
42603894
42603888
42603880
42603879
42603870
42603855
42603843
42603838
42603836
42603833
42603831
42603803
42603798
42603788
42603785
42603778
42603777
42603776
42603771
42603768
42603732
42603724
42603704
42603702
42603701
42603673
42603650
42603643
42603576
42603515
42603448
42603439
42603425
42603416
42603371
42603339
42603336
42603324
42603319
42603260
42603211
42603204
42603178
42603151
42603137
42603119
42603091
42603062
42602997
42602978
42602963
42602953
42602917
42602914
42602913
42602912
42602896
42602876
42602834
42602816
42602780
42602740
42602695
42602670
42602664
42602658
42602624
42602620
42602616
42603705
42603666
42603662
42603659
42603641
42603634
42603632
42603609
42603581
42603548
42603542
42603531
42603529
42603527
42603523
42603504
42603495
42603491
42603484
42603474
42603464
42603460
42603459
42603437
42603429
42603428
42603407
42603370
42603343
42603325
42603301
42603287
42603286
42603263
42603253
42603203
42603192
42603181
42603168
42603146
42603113
42603090
42603085
42603052
42603020
42603002
42602986
42602976
42602947
42602939
42602936
42602926
42602897
42602877
42602814
42602805
42602799
42602787
42602783
42602771
42602756
42602731
42602721
42602699
42602686
42602674
42602659
42602655
42602605
42602604
42602492
42602491
42602490
42602489
42602488
42602487
42602486
42602485
42602484
42602483
42602482
42602481
42602480
42602479
42602478
42602477
42602476
42602475
42602024
42602023
42602022
42602021
42602020
42602019
42602018
42602017
42602016
42602015
42602014
42602013
42602012
42602011
42602010
42602009
42602008
42602007
42602006
42602005
42602004
42602003
42602002
42602001
42602000
42601999
42601998
42601997
42601996
42601995
42601994
42601993
42601992
42601991
42600952
42600951
42600950
42600949
42600948
42600947
42600946
42600945
42600944
42600943
42600942
42600941
42600940
42600939
42600938
42600937
42600936
42600935
42600934
42600933
42600932
42600931
42600930
42600929
42600928
42600927
42600926
42600925
42600924
42593411
42593410
42593409
42593408
42593407
42593406
42593405
42593404
42593403
42593402
42593401
42593400
42593399
42593398
42593397
42593396
42593395
42593394
42593393
42593392
42593391
42593390
42593389
42593388
42593387
42593386
42593385
42593384
42593383
42593382
42593381
42593380
42593379
42593378
42593377
42593376
42592475
42592437
42592386
42592367
42592366
42592261
42592201
42592163
42592157
42592118
42592072
42591971
42591961
42591953
42591928
42591862
42591818
42591806
42591797
42591783
42591757
42591717
42591709
42591689
42591685
42591334
42591333
42591332
42591331
42591330
42591329
42591328
42591327
42591266
42591265
42591264
42591263
42591262
42591261
42591260
42591259
42591258
42591257
42591256
42591255
42591254
42591253
42591252
42591251
42591250
42591249
42591248
42591247
42591246
42591245
42591244
42591243
42591203
42591202
42591201
42591200
42591199
42591198
42591197
42591196
42591195
42591194
42591193
42591192
42591134
42591133
42590910
42590909
42590908
42590907
42590906
42590905
42590904
42590903
42590902
42590901
42590900
42590899
42589775
42589761
42589718
42589692
42589669
42589660
42589648
42589603
42589602
42589560
42589543
42586836
42586835
42586834
42586833
42586832
42586831
42586830
42586829
42586828
42586827
42586826
42586825
42586824
42586823
42586822
42586821
42586820
42583999
42583998
42583997
42583996
42583995
42583994
42583993
42583992
42583991
42583990
42583989
42583988
42583987
42583986
42583985
42583984
42583983
42583982
42583981
42583980
42583979
42548702
42548695
42548678
42583580
42583579
42583578
42583577
42583576
42583575
42583574
42583573
42583572
42583571
42583570
42583569
42583568
42583567
42583566
42583565
42583564
42583563
42583562
42583561
42583560
42580151
42580150
42580149
42580148
42580147
42580146
42580145
42580144
42580143
42580142
42580141
42580140
42580028
42580027
42580026
42580025
42580024
42580023
42580022
42580021
42580020
42580019
42580018
42580017
42578383
42578382
42578381
42578380
42578379
42578378
42578377
42578376
42578375
42578374
42578373
42578372
42578371
42578370
42578369
42578368
42578367
42578366
42578365
42578364
42578363
42578362
42578361
42578360
42578359
42578358
42577933
42577932
42577931
42577930
42577929
42577928
42571683
42571682
42571681
42571680
42571679
42571678
42571677
42571676
42571370
42571369
42571368
42571367
42571366
42571365
42571364
42571363
42571362
42571361
42571360
42571359
42571358
42571357
42571356
42571355
42569421
42569420
42569419
42569418
42569417
42569416
42569415
42569414
42569413
42569412
42569411
42569410
42569409
42569408
42569407
42569406
42569405
42569404
42569403
42569402
42569401
42569400
42569399
42569398
42569397
42569396
42569395
42569394
42569393
42569392
42569391
42569390
42569389
42569388
42569387
42569386
42565640
42565636
42565627
42565617
42565596
42565576
42565560
42565542
42565541
42565529
42565497
42565481
42565477
42565474
42565472
42565459
42565451
42565446
42565417
42565412
42565407
42565373
42565351
42565325
42565316
42565285
42565273
42565264
42565249
42565219
42565202
42565191
42565181
42565168
42565160
42565131
42565121
42565104
42565092
42565069
42565037
42565017
42565005
42564999
42564995
42564981
42564960
42564955
42564953
42564952
42564916
42564898
42564887
42564886
42564881
42564871
42564834
42564832
42564831
42564815
42564809
42564798
42564792
42564786
42564779
42564778
42564775
42564767
42564762
42564761
42564755
42564743
42564740
42564737
42564732
42564730
42564729
42564727
42564726
42564722
42564720
42564697
42564695
42564684
42564673
42564668
42564666
42564660
42564653
42564651
42564649
42564648
42564646
42564636
42564633
42564629
42564622
42564620
42564619
42564617
42564614
42564610
42564607
42564600
42564596
42564588
42564576
42564572
42564570
42564563
42564547
42564546
42564543
42564536
42564532
42564530
42564529
42564527
42564526
42564510
42564503
42564494
42564491
42564487
42564486
42564479
42564474
42564470
42564467
42564458
42564455
42564454
42564453
42564446
42564445
42564442
42564427
42564426
42564418
42564413
42564406
42564403
42564393
42564390
42564387
42564382
42564374
42564370
42564365
42564363
42564358
42564356
42564354
42564353
42564342
42564339
42564331
42564326
42564316
42564311
42564309
42564308
42564295
42564289
42564285
42564282
42564277
42564271
42564262
42564255
42564254
42564250
42564243
42564241
42564234
42564231
42564229
42564226
42564214
42564197
42564187
42564183
42564173
42564170
42564166
42564165
42564164
42564158
42564157
42564154
42564142
42564141
42564140
42564139
42564134
42564123
42564115
42564114
42564110
42564109
42564093
42564090
42564086
42564083
42564080
42564078
42564077
42564075
42564072
42564069
42564068
42564061
42564060
42564058
42564054
42564053
42564052
42564050
42564049
42564047
42564045
42564043
42564042
42564041
42564037
42564035
42564034
42564032
42564028
42564025
42564018
42564015
42564009
42564008
42564007
42564006
42564005
42564002
42564000
42563997
42563996
42563991
42563989
42563988
42563986
42563985
42563982
42563981
42563980
42563979
42563977
42563972
42563967
42563965
42563964
42563962
42563960
42563959
42563958
42563957
42563955
42563951
42563950
42563949
42563944
42563931
42563930
42563929
42563927
42563922
42563921
42563920
42563916
42563913
42563908
42563907
42563906
42563901
42563899
42563897
42563896
42563892
42563891
42563874
42563872
42563866
42563864
42563861
42563858
42563853
42563852
42563850
42563849
42563848
42563847
42563844
42563835
42563832
42563829
42563827
42563826
42563814
42563813
42563812
42563811
42563810
42563809
42563807
42563806
42563805
42563800
42563799
42563794
42563793
42563791
42563783
42563781
42563779
42563778
42563777
42563776
42563775
42563773
42563771
42563770
42563769
42563768
42563762
42563757
42563753
42563752
42563748
42563747
42563746
42563745
42563742
42563740
42563739
42563736
42563735
42563731
42563719
42563714
42563710
42563702
42563701
42563698
42563697
42563695
42563694
42563693
42563691
42563688
42563687
42563686
42563684
42563679
42563668
42563667
42563663
42563662
42563660
42563659
42563658
42563657
42563656
42563651
42563647
42563646
42563643
42563641
42563639
42563638
42563637
42563635
42563634
42563630
42563629
42563626
42563624
42563616
42563614
42563613
42563611
42563610
42563608
42563604
42563602
42563599
42563596
42563595
42563589
42563583
42563580
42563578
42563576
42563574
42563573
42563572
42563571
42563566
42563562
42563561
42563559
42563552
42563550
42563549
42563547
42563542
42563536
42563531
42563529
42563518
42563516
42563513
42563509
42563506
42563505
42563504
42563502
42563500
42563499
42563496
42563494
42563492
42563487
42563485
42563482
42563481
42563480
42563479
42563478
42563473
42563470
42563469
42563468
42563464
42563463
42563461
42563460
42563457
42563455
42563453
42563451
42563448
42563443
42563440
42563439
42563438
42563436
42563435
42563433
42563432
42563426
42563424
42563422
42563415
42563412
42563410
42563409
42563405
42563398
42563397
42563393
42563392
42563391
42563386
42563382
42563381
42563380
42563379
42563377
42563376
42563372
42563367
42563366
42563365
42563364
42563355
42563354
42563349
42563346
42563344
42563343
42563338
42563336
42563333
42563332
42563331
42563330
42563329
42563327
42563324
42563320
42563319
42563316
42563314
42563312
42563311
42563310
42563306
42563304
42563303
42563298
42563297
42563294
42563293
42563292
42563290
42563288
42563285
42563283
42563280
42563279
42563276
42563274
42563271
42563270
42563268
42563251
42563249
42563247
42563243
42563242
42563241
42563240
42563236
42563235
42563233
42563231
42563230
42563229
42563225
42563223
42563222
42563219
42563213
42563212
42563210
42563207
42563205
42563200
42563198
42563195
42563192
42563190
42563188
42563186
42563185
42563183
42563182
42563177
42563175
42563174
42563172
42563169
42563168
42563166
42563164
42563162
42563159
42563156
42563153
42563149
42563147
42563146
42563144
42563143
42563141
42563137
42563135
42563132
42563131
42563129
42563128
42563123
42563122
42563121
42563119
42563118
42563117
42563116
42563110
42563109
42563108
42563107
42563103
42563098
42563095
42563090
42563088
42563085
42563082
42563080
42563079
42563073
42563068
42563061
42563056
42563054
42563050
42563047
42563046
42563044
42563040
42563039
42563036
42563034
42563028
42563027
42563025
42563021
42563020
42563019
42563016
42563012
42563010
42563008
42563007
42563005
42563003
42562992
42562989
42562988
42562987
42562985
42562977
42562976
42562975
42562974
42562972
42562970
42562968
42562967
42562964
42562960
42562956
42562953
42562952
42562946
42562944
42562941
42562938
42562937
42562936
42562926
42562925
42562916
42562915
42562913
42562912
42562911
42562910
42562909
42562907
42562904
42562901
42562899
42562898
42562896
42562894
42562893
42562891
42562890
42562889
42562885
42562883
42562881
42562880
42562879
42562876
42562870
42562869
42562866
42562865
42562864
42562860
42562857
42562853
42562852
42562850
42562846
42562843
42562837
42562828
42562826
42562824
42562823
42562821
42562819
42562818
42562813
42562809
42562808
42562804
42562801
42562799
42562795
42562793
42562792
42562790
42562786
42562782
42562780
42562778
42562775
42562772
42562771
42562764
42562763
42562760
42562759
42562756
42562754
42562753
42562751
42562750
42562749
42562747
42562744
42562734
42562731
42565642
42565637
42565635
42565634
42565632
42565625
42565620
42565615
42565614
42565603
42565602
42565601
42565599
42565594
42565590
42565583
42565582
42565581
42565579
42565578
42565575
42565574
42565570
42565565
42565562
42565559
42565555
42565553
42565546
42565543
42565540
42565539
42565536
42565535
42565530
42565523
42565519
42565518
42565516
42565512
42565511
42565505
42565504
42565502
42565499
42565492
42565488
42565473
42565471
42565469
42565462
42565461
42565456
42565454
42565441
42565440
42565436
42565435
42565434
42565433
42565426
42565422
42565418
42565411
42565404
42565401
42565400
42565397
42565393
42565392
42565390
42565386
42565385
42565380
42565377
42565376
42565367
42565366
42565365
42565363
42565358
42565357
42565356
42565353
42565350
42565348
42565347
42565346
42565345
42565343
42565340
42565336
42565332
42565327
42565326
42565323
42565322
42565321
42565303
42565302
42565301
42565300
42565299
42565298
42565290
42565289
42565288
42565287
42565284
42565282
42565281
42565279
42565275
42565271
42565266
42565262
42565261
42565260
42565259
42565256
42565254
42565252
42565251
42565248
42565247
42565246
42565245
42565242
42565241
42565234
42565231
42565230
42565226
42565220
42565215
42565214
42565210
42565209
42565207
42565204
42565203
42565200
42565197
42565196
42565193
42565190
42565189
42565183
42565179
42565178
42565176
42565172
42565171
42565170
42565167
42565166
42565165
42565164
42565163
42565159
42565157
42565146
42565145
42565142
42565141
42565128
42565124
42565120
42565118
42565116
42565114
42565111
42565108
42565105
42565099
42565096
42565090
42565088
42565087
42565084
42565082
42565077
42565072
42565071
42565063
42565062
42565061
42565059
42565054
42565053
42565051
42565048
42565045
42565043
42565042
42565039
42565034
42565031
42565028
42565025
42565018
42565016
42565015
42565013
42565008
42565000
42564997
42564993
42564987
42564985
42564983
42564980
42564979
42564978
42564972
42564969
42564966
42564965
42564963
42564950
42564948
42564940
42564934
42564933
42564925
42564922
42564919
42564910
42564907
42564901
42564900
42564896
42564895
42564891
42564888
42564883
42564877
42564875
42564872
42564870
42564868
42564865
42564863
42564856
42564854
42564852
42564850
42564848
42564847
42564842
42564841
42564840
42564839
42564835
42564829
42564828
42564826
42564825
42564824
42564819
42564818
42564814
42564811
42564807
42564802
42564800
42564799
42564796
42564795
42564793
42564785
42564782
42564781
42564780
42564776
42564770
42564768
42564765
42564763
42564760
42564758
42564753
42564752
42564728
42564724
42564717
42564712
42564710
42564704
42564702
42564692
42564691
42564675
42564661
42564650
42564641
42564628
42564625
42564621
42564616
42564615
42564595
42564590
42564587
42564579
42564575
42564569
42564568
42564567
42564566
42564559
42564557
42564556
42564555
42564551
42564545
42564535
42564531
42564521
42564501
42564499
42564497
42564484
42564477
42564475
42564472
42564464
42564461
42564457
42564456
42564447
42564436
42564432
42564431
42564430
42564424
42564409
42564408
42564407
42564404
42564399
42564379
42564376
42564372
42564371
42564368
42564352
42564350
42564346
42564345
42564344
42564335
42564325
42564324
42564306
42564298
42564275
42564273
42564270
42564269
42564264
42564263
42564259
42564248
42564247
42564233
42564232
42564215
42564211
42564210
42564208
42564206
42564202
42564196
42564195
42564194
42564191
42564188
42564186
42564175
42564172
42564169
42564167
42564159
42564135
42564133
42564130
42564122
42564120
42564112
42564103
42564102
42564096
42445014
42445013
42445012
42445011
42445010
42445009
42445008
42445007
42445006
42445005
42445004
42445003
42445002
42445001
42445000
42444999
42444998
42444997
42444996
42444995
42444994
42444993
42444992
42444991
42560802
42560801
42560800
42560799
42560798
42560797
42560796
42560795
42560794
42560793
42560791
42560790
42560789
42560788
42560787
42560786
42560785
42560784
42560783
42560782
42560780
42560779
42560778
42560749
42560748
42560747
42560746
42560745
42560744
42560743
42560741
42560740
42560739
42560738
42560737
42560736
42560735
42560734
42560733
42560732
42560730
42560729
42560699
42560698
42560697
42560696
42560695
42560694
42560693
42560692
42560691
42560689
42560688
42560687
42560686
42560685
42560684
42560683
42560682
42560681
42560680
42560678
42560677
42560676
42560675
42560674
42560673
42560672
42560671
42560670
42560669
42557216
42557215
42557214
42557213
42557212
42557211
42555870
42551262
42551261
42551260
42551259
42551258
42551257
42551256
42551255
42551254
42551253
42551252
42551251
42551250
42551249
42551248
42551247
42551246
42551245
42551244
42551243
42551242
42551241
42551240
42551239
42548701
42548854
42548847
42548716
42548714
42548706
42548703
42548682
42548681
42548670
42548881
42548877
42548858
42548853
42548845
42548844
42548842
42548841
42548840
42548838
42548837
42548715
42548698
42548694
42548680
42548673
42548671
42548669
42548667
42548653
42548652
42548631
42548052
42548051
42548050
42548049
42548048
42548047
42548046
42548045
42548044
42548043
42548042
42548041
42548040
42548039
42548038
42548037
42548036
42548035
42548034
42548033
42548032
42548031
42548030
42548029
42548028
42548027
42548026
42548025
42548024
42548023
42548022
42548021
42548020
42548019
42548018
42548017
42548016
42548015
42548014
42548013
42548012
42548011
42548010
42548009
42548008
42548007
42548006
42548005
42548004
42548003
42548002
42548001
42548000
42547999
42547998
42547997
42547996
42547995
42547994
42547993
42547992
42547991
42547990
42547989
42547988
42547987
42547986
42547985
42547984
42547983
42547982
42547981
42547980
42547979
42547978
42547977
42547976
42547975
42547974
42547973
42547972
42547971
42547970
42547969
42547968
42547967
42547966
42547965
42547964
42547963
42547962
42547961
42547960
42547959
42547958
42547957
42547956
42547955
42547954
42547953
42547952
42547951
42547950
42547949
42547948
42547947
42547946
42547945
42547944
42547943
42547942
42547941
42547940
42547939
42547938
42547937
42547936
42547935
42547934
42547933
42547932
42547931
42547930
42547929
42547928
42547927
42547926
42547925
42547924
42547923
42547922
42547921
42547920
42547919
42547918
42547917
42547916
42547915
42547914
42547913
42547912
42547911
42547910
42547909
42547908
42547907
42547906
42547702
42547699
42547509
42547422
42547393
42547316
42547295
42547223
42547217
42547182
42546944
42546812
42546770
42546654
42546602
42546348
42546343
42545883
42545706
42545697
42545640
42545539
42545526
42545499
42545361
42545338
42545325
42545296
42545147
42545143
42545010
42544900
42544746
42544702
42544583
42544558
42544471
42544428
42544377
42544361
42544312
42544027
42540352
42540351
42540350
42540349
42540348
42540347
42540346
42540345
42540344
42540343
42540342
42540341
42540340
42540339
42540338
42540337
42537267
42537266
42537265
42537264
42537263
42537262
42537261
42537260
42537259
42537258
42537257
42537256
42537255
42537254
42537253
42531831
42531830
42531829
42531828
42531827
42531826
42531825
42531824
42531823
42531822
42531821
42531820
42531819
42531818
42531817
42531816
42531815
42531814
42531813
42531812
42531811
42531810
42531809
42531808
42531679
42531678
42531677
42531676
42531675
42531674
42531673
42531672
42531671
42531670
42531669
42531668
42531667
42531666
42531665
42531664
42531663
42531662
42531661
42531660
42531659
42531658
42531657
42531656
42531655
42531654
42531653
42531652
42531651
42531650
42531649
42531648
42531647
42531646
42531645
42531644
42531643
42531642
42531641
42531640
42531639
42531638
42531637
42531636
42519520
42519502
42519499
42519604
42519597
42519596
42519595
42519594
42519593
42519592
42519591
42519590
42519589
42519588
42519587
42519586
42519585
42519584
42519583
42519582
42519581
42519580
42519579
42519578
42519577
42519576
42519575
42519574
42519573
42519572
42519571
42519570
42519569
42519568
42519567
42519566
42519565
42519564
42519563
42519562
42519561
42519560
42519559
42519558
42519557
42519556
42519555
42519554
42519553
42519552
42519551
42519550
42519549
42519548
42519547
42519546
42519545
42519544
42519543
42519542
42519541
42519540
42519539
42519538
42519537
42519536
42519535
42519534
42519533
42519532
42519531
42519530
42519529
42519489
42519488
42519487
42519486
42519485
42519484
42519483
42519482
42519481
42519480
42519479
42519478
42519477
42519476
42519475
42519474
42519473
42519472
42519471
42519470
42519469
42519468
42519467
42519466
42519465
42519464
42519463
42519462
42519461
42519460
42519459
42519458
42519457
42519456
42519455
42519454
42512868
42512867
42512866
42512865
42512864
42512863
42511628
42511627
42511626
42511625
42511624
42511623
42506290
42506095
42506094
42506093
42506092
42506091
42506090
42506089
42506088
42506087
42506086
42506085
42506084
42506083
42506082
42504433
42504432
42504431
42504430
42504429
42504428
42504427
42504426
42495295
42495280
42500763
42500762
42500761
42500760
42500759
42500758
42500757
42500756
42500755
42500754
42500753
42500752
42500751
42500750
42500749
42500748
42500747
42500746
42500745
42500744
42500743
42500742
42500741
42500740
42500739
42500738
42500737
42500736
42500735
42500734
42500733
42500732
42500620
42500619
42500618
42500617
42500616
42500615
42500614
42500613
42500612
42500611
42500610
42500609
42500608
42500607
42500606
42500605
42500604
42500603
42500602
42500601
42500600
42500599
42500598
42500597
42500596
42500595
42500594
42500593
42500592
42500591
42500590
42500589
42500588
42500587
42500586
42500585
42500584
42500583
42500582
42500581
42500580
42500579
42500578
42500577
42500576
42500575
42500574
42500573
42500572
42500571
42500570
42500569
42500568
42500567
42500566
42500565
42500564
42500563
42500562
42500561
42500560
42500559
42500558
42500557
42500556
42500555
42500554
42500553
42500552
42500551
42500550
42500549
42500548
42500547
42500546
42500545
42500544
42500543
42500542
42500541
42500540
42500539
42500538
42500537
42500536
42500535
42500534
42500533
42500532
42500531
42500530
42500529
42500528
42500527
42500526
42500525
42500524
42500523
42500522
42500521
42500520
42500519
42500518
42500517
42500516
42500515
42500514
42500513
42500512
42500511
42500510
42500509
42500508
42500507
42500506
42500505
42500504
42500503
42500502
42500501
42500500
42500499
42500498
42500497
42500496
42500495
42500494
42500493
42500492
42500491
42500490
42500489
42500488
42500487
42500486
42500485
42500484
42500483
42500482
42500481
42500480
42500479
42500478
42500477
42500476
42500475
42500474
42500473
42500472
42500471
42500470
42500469
42500468
42500467
42500466
42500465
42500464
42500463
42500462
42500461
42500460
42500459
42500458
42500457
42500456
42500455
42500454
42500453
42500452
42500451
42500450
42500449
42500448
42500447
42500446
42500445
42500444
42500443
42500442
42500441
42500440
42500439
42500438
42500437
42500436
42500435
42500434
42500433
42500432
42500431
42500430
42500429
42500428
42500427
42500426
42500425
42500424
42500423
42500422
42500421
42500420
42500419
42500418
42500417
42500416
42500415
42500414
42500413
42500412
42500411
42500410
42500409
42500408
42500407
42500406
42500405
42500404
42500403
42500402
42500401
42500400
42500399
42500398
42500397
42500396
42500395
42500394
42500393
42500392
42500391
42500390
42500389
42500388
42500387
42500386
42500385
42500384
42500383
42500382
42500381
42500380
42500379
42500378
42500377
42500376
42500375
42500374
42500373
42500372
42500371
42500370
42500369
42500368
42500367
42500366
42500365
42500364
42500363
42500362
42500361
42500360
42500359
42500358
42500357
42500356
42500355
42500354
42500353
42500352
42500351
42500350
42500349
42500348
42500347
42500346
42500345
42500344
42500343
42500342
42495300
42495299
42495278
42495274
42495273
42492830
42492827
42492826
42492824
42490718
42490717
42490716
42490715
42490714
42490713
42490712
42490711
42490710
42489850
42489849
42489848
42480547
42480546
42480545
42480544
42480060
42480059
42480058
42480057
42480056
42480055
42480054
42480053
42480052
42480051
42480050
42480049
42480048
42480047
42480046
42480045
42480044
42480043
42480042
42480041
42480040
42480039
42480038
42480037
42480036
42480035
42480034
42480033
42480032
42480031
42480030
42480029
42480028
42480027
42480026
42480025
42480024
42480023
42480022
42480021
42480020
42480019
42480018
42480017
42480016
42480015
42480014
42480013
42480012
42480011
42480010
42480009
42480008
42470405
42469923
42469922
42469921
42469920
42469919
42469918
42469917
42469916
42469915
42469914
42469913
42469912
42459012
42459011
42459010
42459009
42458907
42458903
42458013
42458012
42458011
42458010
42458009
42458008
42458007
42458006
42458005
42458004
42458003
42458002
42458001
42458000
42457999
42457998
42457946
42457830
42457829
42457828
42457827
42457826
42457825
42457824
42457823
42457822
42457821
42457820
42457819
42457818
42457817
42457816
42457815
42457814
42457813
42457812
42457811
42457810
42457809
42457808
42457807
42456471
42456470
42456469
42456468
42456467
42456466
42456465
42456464
42456463
42456462
42456461
42456460
42456459
42456458
42456457
42456456
42456455
42456166
42456165
42456164
42456163
42456162
42456161
42456160
42456159
42456158
42456157
42456156
42456155
42456154
42456153
42456152
42456151
42456150
42456149
42456148
42456147
42456146
42456145
42456144
42456143
42456142
42456141
42456140
42456139
42456138
42456137
42456136
42456135
42456134
42456133
42456132
42456131
42456130
42456129
42456128
42456127
42456126
42456125
42456124
42456123
42456122
42456121
42456120
42456119
42456118
42456117
42456116
42456115
42456114
42456113
42456112
42456111
42456110
42456109
42456108
42456107
42456106
42456105
42456104
42456103
42456102
42456101
42456100
42456099
42456098
42456097
42456096
42456095
42456094
42456093
42456092
42456091
42456090
42456089
42456088
42456087
42456086
42456085
42456084
42456083
42455094
42455093
42455092
42455091
42455090
42455089
42455088
42455087
42455086
42455085
42453252
42453251
42453250
42453249
42453248
42453247
42453246
42453245
42453244
42450523
42450522
42450521
42450520
42450519
42450518
42450517
42450516
42450515
42450514
42450513
42450512
42449354
42449353
42449352
42449351
42449350
42449339
42449338
42448512
42448511
42448510
42448509
42448508
42448507
42448506
42448505
42448504
42448503
42448502
42448501
42448500
42448499
42448498
42448497
42448496
42448495
42448494
42448493
42448492
42448491
42448490
42448489
42448488
42448487
42448486
42448485
42448484
42448483
42448482
42448481
42448480
42448479
42448478
42448477
42448476
42448475
42448474
42448473
42448472
42448471
42448470
42448469
42448468
42448467
42448466
42448465
42448464
42448463
42448462
42448461
42448460
42448459
42448458
42448457
42448456
42448455
42448454
42448453
42448452
42448451
42448450
42448449
42448448
42448447
42448446
42448445
42448444
42448443
42448442
42448441
42448440
42448439
42448438
42448437
42448436
42448435
42448434
42448433
42448432
42448431
42448430
42448429
42448428
42448427
42448426
42448425
42448424
42448423
42448422
42448421
42448420
42448419
42448418
42448417
42448416
42448415
42448414
42448413
42448412
42448411
42448410
42448409
42448408
42448407
42448406
42448405
42448404
42448403
42448402
42448401
42448400
42448399
42448398
42448397
42448396
42448395
42448394
42448393
42448392
42448391
42448390
42448389
42448388
42448387
42448386
42448385
42448384
42448383
42448382
42448381
42448380
42448379
42448378
42448377
42448376
42448375
42448374
42448373
42448372
42448371
42448370
42448369
42448368
42448367
42448366
42448365
42448364
42448363
42448362
42448361
42448360
42448359
42448321
42448320
42448319
42448318
42448317
42448316
42448315
42448314
42448313
42448312
42448311
42448310
42448309
42448308
42448307
42448306
42448305
42448304
42448303
42448302
42448301
42448300
42448299
42448298
42448297
42448296
42448295
42448294
42448293
42448292
42448291
42448290
42448289
42448288
42448287
42448286
42448285
42448284
42448283
42448282
42448281
42448280
42448279
42448278
42448277
42448276
42448275
42448274
42448273
42448272
42448271
42448270
42448269
42448268
42448267
42448266
42448265
42448264
42448263
42448262
42448261
42448260
42440089
42440088
42440087
42440086
42440085
42442667
42442666
42442665
42442664
42442663
42442662
42440359
42440358
42440357
42440356
42440355
42440354
42440353
42440352
42440351
42440350
42440349
42440348
42440347
42440346
42440345
42440344
42440343
42440342
42440341
42440340
42440339
42440338
42440337
42440336
42440335
42440334
42440333
42440332
42440331
42440330
42440329
42440328
42440327
42440326
42440325
42440324
42440323
42440322
42440321
42440320
42440319
42440318
42440317
42440316
42440315
42440314
42440313
42440312
42440311
42440310
42440309
42440308
42440307
42440306
42440305
42440304
42440303
42440302
42440301
42440300
42440299
42440298
42440297
42440209
42440208
42440207
42440206
42440205
42440204
42440203
42440202
42440201
42440200
42440199
42440198
42440197
42440196
42440195
42440194
42440193
42440192
42440191
42440190
42440189
42440188
42440187
42440186
42440185
42440184
42440183
42440182
42440181
42440180
42440179
42440178
42438736
42438735
42438734
42438733
42438732
42438731
42438730
42438729
42438728
42438727
42438726
42438725
42435854
42435853
42435852
42435851
42435850
42435849
42435848
42435847
42435846
42435845
42435844
42435843
42435842
42435841
42435840
42435839
42435838
42435837
42435836
42435835
42435834
42435833
42435832
42435831
42435830
42435829
42435828
42435827
42435826
42435825
42435824
42435823
42435822
42435821
42435820
42435819
42435818
42435817
42435816
42435815
42435814
42435813
42435812
42435811
42435810
42435809
42435808
42435807
42435806
42435805
42435804
42435803
42435802
42435801
42435800
42435799
42435798
42435797
42435796
42435795
42435794
42435793
42435792
42435791
42435790
42435789
42435788
42435787
42435786
42435785
42432988
42432987
42432986
42432985
42432984
42429047
42429046
42429045
42429044
42429043
42429042
42429041
42429040
42429039
42429038
42429037
42429036
42429035
42429034
42429033
42429032
42429031
42429030
42429029
42429028
42429027
42429026
42428943
42428942
42428941
42428940
42428939
42428938
42428937
42428936
42428935
42428934
42428933
42428932
42428931
42428930
42428929
42428928
42428927
42428926
42428925
42428924
42428923
42428922
42428921
42428920
42428919
42428918
42428917
42428916
42428915
42428914
42428913
42428912
42428911
42428910
42428909
42428908
42428907
42428906
42428905
42428904
42428903
42428902
42428901
42428900
42428899
42428898
42428897
42428896
42428895
42428894
42428893
42428892
42428891
42428890
42428889
42428888
42428887
42428886
42428885
42428884
42428883
42428882
42428881
42428880
42428879
42428878
42428877
42428876
42428875
42428874
42428873
42428872
42428871
42428870
42428869
42428868
42428867
42428866
42428865
42428864
42428863
42428862
42428861
42428860
42428859
42428858
42428857
42428856
42428855
42428854
42428853
42428852
42428851
42428850
42428849
42428848
42428847
42428846
42428845
42428844
42428843
42428842
42428841
42428840
42428839
42428838
42428837
42428836
42428835
42428834
42428833
42428832
42428831
42428830
42428829
42428828
42428827
42428826
42428825
42428824
42428823
42428822
42428821
42428820
42428819
42428818
42428817
42428816
42428815
42428814
42428813
42428812
42428811
42428810
42428809
42428808
42428807
42428806
42428805
42428804
42428803
42428802
42428801
42428800
42428799
42428798
42428797
42428796
42428795
42428794
42428793
42428792
42428791
42428790
42428789
42428788
42428787
42428786
42428785
42428784
42428783
42428782
42428781
42428780
42428779
42428778
42428777
42428776
42428775
42428774
42428773
42428772
42428771
42428770
42428769
42428768
42428767
42428766
42428765
42428764
42428763
42428762
42428761
42428760
42428759
42428758
42428757
42428756
42428755
42428754
42428753
42428752
42428751
42428750
42428749
42428748
42428747
42428746
42428745
42428744
42428743
42428742
42428741
42428740
42428739
42428738
42428737
42428736
42428735
42428734
42428733
42428732
42428731
42427300
42427299
42427298
42425205
42425204
42425203
42425202
42425201
42425200
42425199
42425198
42425197
42425196
42425195
42425194
42425193
42425192
42425191
42425190
42425189
42425188
42425187
42425186
42425185
42425184
42425183
42425182
42425181
42425180
42425179
42425178
42425177
42425176
42425175
42425174
42425173
42425172
42425171
42425170
42425169
42425168
42425167
42425166
42425165
42425164
42425163
42425162
42425161
42425160
42425159
42425158
42425157
42425156
42425155
42425154
42425153
42425152
42425151
42425150
42425149
42425148
42425147
42425146
42425145
42425144
42425143
42425142
42425141
42425140
42425139
42425138
42425137
42425136
42425135
42425134
42425133
42425132
42425131
42425130
42425129
42425128
42425127
42425126
42425125
42425124
42425123
42425122
42425121
42425120
42425119
42425118
42425117
42425116
42425115
42425114
42425113
42425112
42425111
42425110
42425109
42425108
42425107
42425106
42423473
42423472
42423471
42423470
42423469
42422150
42421922
42421422
42421249
42418403
42418173
42416642
42416479
42415643
42415428
42415427
42415426
42415425
42415424
42415423
42415422
42415421
42415420
42415419
42415418
42415417
42415416
42415415
42415414
42415413
42415412
42415411
42415410
42415409
42415408
42415407
42415406
42415405
42412609
42412573
42410751
42410539
42410538
42410325
42410324
42410323
42410322
42410321
42410320
42410319
42410318
42410317
42410316
42410315
42410314
42409052
42409051
42409050
42409049
42409048
42409047
42409046
42409045
42409044
42409043
42409042
42409041
42409040
42409039
42409038
42409037
42409036
42409035
42409034
42409033
42409032
42409031
42409030
42409029
42409028
42409027
42409026
42409025
42409024
42409023
42409022
42409021
42409020
42409019
42409018
42409017
42409016
42409015
42409014
42409013
42409012
42409011
42409010
42409009
42409008
42409007
42409006
42409005
42409004
42409003
42409002
42409001
42409000
42408999
42408998
42408997
42408996
42408995
42408994
42408993
42408992
42408991
42408990
42408989
42408988
42408987
42408986
42408668
42408667
42408666
42408665
42408664
42408663
42408662
42408661
42408660
42408659
42408658
42408657
42408656
42408655
42408654
42408653
42408652
42408651
42408650
42408649
42408648
42408647
42408646
42408645
42408644
42408643
42408642
42408641
42408640
42408639
42408638
42408637
42408636
42408635
42408634
42408633
42408632
42408631
42408630
42408629
42408628
42408627
42408626
42408625
42408624
42408623
42408622
42408621
42408620
42408619
42408618
42408617
42408616
42408615
42408614
42408613
42408612
42408611
42408610
42408609
42408608
42408607
42408606
42408605
42408604
42408603
42408602
42408601
42408600
42408599
42408598
42408597
42408596
42408595
42408594
42408593
42408592
42408591
42408590
42408589
42408588
42408587
42408586
42408585
42408584
42408583
42408582
42408581
42408580
42408579
42408578
42408577
42408576
42408575
42408574
42408573
42408572
42408571
42408570
42408569
42408568
42408567
42408566
42408565
42408564
42408563
42408562
42408561
42408560
42408559
42408558
42408557
42408556
42408555
42408554
42408553
42408552
42408551
42408550
42408549
42408548
42408547
42408546
42408545
42408544
42408543
42408542
42408541
42408540
42408539
42408538
42408537
42408536
42408535
42408534
42408533
42408532
42408531
42408530
42408529
42408528
42408527
42408526
42408525
42408524
42408523
42408522
42408521
42408520
42408519
42408518
42408517
42408516
42408515
42408514
42408513
42408512
42408511
42408510
42408509
42408508
42408507
42408506
42408505
42408504
42408503
42408502
42408501
42408500
42408499
42408498
42408497
42408496
42408495
42408494
42408493
42408462
42408461
42408460
42408459
42408452
42408445
42408444
42408443
42408442
42408441
42408430
42408419
42408418
42408417
42408416
42408415
42408414
42408413
42408412
42408411
42408410
42408409
42408408
42408407
42407987
42407986
42407985
42407984
42407983
42407982
42407981
42407980
42407979
42407978
42407977
42407749
42407748
42407747
42407746
42407745
42407744
42407743
42407742
42407741
42407740
42407739
42407738
42407737
42407736
42407735
42407734
42407733
42407732
42407731
42407730
42407729
42407728
42407727
42407726
42407725
42407724
42407723
42407722
42407721
42407720
42407719
42407718
42407717
42407716
42407715
42407714
42407713
42407712
42407711
42407672
42407671
42407670
42407669
42407668
42393475
42393474
42393473
42393472
42393471
42393470
42393469
42393468
42393467
42393466
42393465
42393464
42393463
42393462
42393461
42393460
42393459
42393458
42393457
42393456
42393455
42393454
42393453
42393452
42393451
42393450
42393449
42393448
42393447
42393446
42393445
42393444
42393443
42393442
42393441
